((("mexopts.sh" .
	 [1 0 0 0 0 0 0 0 0 0])
	("gsl" .
	 [0 0 1])
	("attached" .
	 [0 0 0 1 0 0 0 0])
	("attaque" .
	 [0 0 0 0 0 0 1])
	("ld-script-mode" .
	 [0 0 0 0 0 0 0 0 0 0 0 0 0 1])
	("default-ctl-arrow" .
	 [0 0 0 0 0 0 0 0 0 0 0 0 0 0 0 0 1])
	("sig" .
	 [1 0 0])
	("set_scale_parameter" .
	 [0 0 0 0 0 0 1 0 0 0 0 0 0 0 0 0 0 0 0])
	("fitter" .
	 [0 0 0 0 0 1])
	("set_phase_diff" .
	 [0 0 0 0 0 0 0 0 0 0 0 0 0 1])
	("mean" .
	 [1 0 0 0])
	("endl" .
	 [3 0 0 0])
	("local" .
	 [0 0 0 1 0])
	("cout" .
	 [3 0 0 0])
	("T" .
	 [1])
	("2" .
	 [5])
	("log" .
	 [0 0 1])
	("floa" .
	 [0 0 0 1])
	("patch" .
	 [2 0 0 0 0])
	("j" .
	 [1])
	("this" .
	 [6 0 0 0])
	("5" .
	 [7])
	("1" .
	 [7])
	("local_va" .
	 [0 0 0 0 0 0 0 1])
	("float" .
	 [5 0 0 0 0])
	("a" .
	 [1])
	("current" .
	 [1 0 0 0 0 0 0])
	("local_value" .
	 [1 0 0 0 0 0 0 0 0 1 6])
	("color_current" .
	 [0 0 0 0 0 0 0 0 0 0 0 0 1])
	("c" .
	 [1])
	("Match_model" .
	 [0 0 2 0 0 0 0 0 0 0 0])
	("may" .
	 [0 0 1])
	("Match_smodel_bg" .
	 [4 0 0 0 0 0 0 0 1 0 0 0 0 1 1])
	("Match_smodel" .
	 [1 0 1 0 0 1 1 0 1 0 0 1])
	("3" .
	 [1])
	("residue" .
	 [1 0 0 0 0 0 1])
	("feature" .
	 [0 0 0 1 0 0 2])
	("get_residue" .
	 [0 0 0 0 0 0 0 0 0 0 1])
	("virtual" .
	 [1 0 0 1 0 0 0])
	("void" .
	 [3 0 0 0])
	("init" .
	 [0 0 0 1])
	("12" .
	 [3 0])
	("set_sig_x" .
	 [0 0 0 0 0 0 0 0 1])
	("data" .
	 [0 0 0 1])
	("data_simu" .
	 [0 0 0 0 0 0 1 0 0])
	("sigma" .
	 [0 0 0 0 1])
	("sigma0" .
	 [0 0 0 0 0 1])
	("future" .
	 [0 0 0 0 1 0])
	("fill_spring" .
	 [0 0 0 0 0 0 0 1 0 0 1])
	("file" .
	 [0 0 0 1])
	("10" .
	 [2 0])
	("100" .
	 [2 0 0])
	("xmax" .
	 [0 0 0 1])
	("end" .
	 [1 0 0])
	("ymax" .
	 [0 0 0 1])
	("height" .
	 [0 0 0 1 0 0])
	("save_spots" .
	 [0 0 0 0 0 0 0 0 0 1])
	("true_spot" .
	 [0 0 0 0 0 0 0 0 1])
	("Sin" .
	 [2 0 0])
	("patchs" .
	 [0 0 1 0 0 0])
	("parent" .
	 [0 0 1 0 0 0])
	("gsl_multifit_fdfsolver_type" .
	 [0 0 0 1 0 0 0 0 0 0 0 0 0 0 0 0 0 0 0 0 0 0 0 0 0 0 0])))
